Combination lists (x,y)

Heart
x	y
160	40	0
360	40	1
120	80	2
160	80	3
200	80	4
320	80	5
360	80	6
400	80	7
120	120	8
160	120	9
200	120	10
240	120	11
280	120	12	previos num + repeated - 1
320	120	13
360	120	14
400	120	15
440	120	16
120	160
160	160
200	160
240	160	20
280	160
320	160
360	160
400	160	24
160	200	25
200	200	26
240	200	27
280	200	28
320	200	29
360	200	30
200	240	31
240	240	32
280	240	33
320	240	34
240	280	35
280	280	36
260	320	37
80	280	38
440	280	39


Move eerything one to the right with the cross
Cross
y	x
40	240
40	280
40	320

80	240
80	320

120	240
120	320

160	120
160	160
160	200
160	240
160	320
160	360
160	400
160	440

200	120
200	440

240	120
240	160
240	200
240	240
240	320
240	360
240	400
240	440

280	80
280	240
280	320
280	480

320	120
320	240
320	320
320	440

360	120
320	160
360	240
360	280
360	320
360	400
360	440

Circle
